cards,class
"[153, 153, 164, 226, 226, 230, 230, 250, 348, 348, 460, 472, 472, 477, 487, 497, 522, 522, 593, 652, 652, 841, 841, 891, 891, 1163, 1226, 940, 1232, 1254]",Warrior
"[32, 68, 228, 282, 296, 465, 502, 543, 567, 633, 699, 804, 815, 945, 964, 1013, 1060, 1107, 1114, 1130, 1239, 1246, 1251, 213, 234, 269, 453, 1205, 1213, 1254]",Mage
"[64, 64, 74, 74, 192, 249, 249, 312, 312, 509, 622, 622, 663, 663, 965, 965, 213, 304, 304, 550, 639, 639, 712, 712, 713, 713, 718, 718, 883, 883]",Hunter
"[149, 149, 318, 318, 364, 364, 483, 483, 553, 616, 616, 752, 752, 765, 765, 824, 900, 900, 1118, 1139, 1160, 1209, 1219, 1219, 1225, 1225, 696, 755, 1046, 1046]",Priest
"[17, 69, 69, 149, 149, 205, 205, 318, 318, 364, 364, 483, 483, 605, 616, 616, 707, 707, 765, 765, 1015, 1015, 1118, 1139, 1225, 972, 972, 1048, 1232, 1254]",Priest
"[164, 178, 206, 250, 295, 348, 472, 487, 497, 522, 591, 593, 629, 652, 772, 841, 891, 963, 1008, 1163, 1196, 1226, 453, 755, 935, 940, 1137, 1213, 1232, 1243]",Warrior
"[8, 8, 15, 15, 17, 17, 23, 23, 78, 78, 96, 96, 149, 149, 318, 318, 364, 364, 393, 393, 396, 396, 462, 462, 611, 611, 616, 616, 441, 441]",Priest
"[7, 7, 29, 29, 303, 303, 328, 328, 351, 400, 400, 556, 556, 717, 717, 761, 780, 780, 869, 869, 885, 885, 942, 942, 1037, 1127, 1128, 1175, 1216, 1216]",Paladin
"[10, 10, 12, 12, 13, 13, 61, 61, 126, 126, 302, 302, 334, 334, 411, 411, 448, 685, 748, 801, 801, 840, 840, 1032, 1229, 1034, 1034, 1180, 1218, 1254]",Druid
"[17, 17, 65, 65, 84, 84, 173, 173, 202, 202, 238, 284, 284, 289, 289, 321, 547, 547, 599, 599, 742, 742, 795, 795, 1038, 1038, 1062, 1062, 745, 745]",Warlock
"[224, 224, 303, 303, 351, 377, 377, 485, 485, 486, 486, 516, 691, 691, 761, 869, 869, 870, 870, 885, 885, 912, 912, 1216, 1216, 31, 31, 974, 974, 994]",Paladin
"[12, 12, 171, 171, 180, 180, 183, 183, 242, 242, 265, 265, 576, 645, 645, 664, 664, 684, 684, 911, 938, 107, 107, 189, 189, 449, 449, 441, 441, 782]",Shaman
"[2, 2, 16, 16, 19, 19, 133, 133, 140, 140, 159, 159, 204, 204, 281, 281, 292, 292, 427, 427, 444, 444, 497, 527, 521, 521, 635, 635, 939, 624]",Rogue
"[17, 17, 20, 20, 96, 96, 142, 142, 149, 149, 205, 205, 318, 318, 364, 364, 396, 483, 483, 553, 553, 611, 611, 616, 616, 765, 765, 1034, 1034, 1232]",Priest
"[68, 68, 242, 387, 387, 535, 535, 576, 585, 589, 732, 732, 843, 932, 932, 1078, 1108, 1108, 1193, 1193, 1202, 308, 506, 506, 713, 713, 883, 940, 1211, 1253]",Shaman
"[36, 36, 164, 164, 178, 178, 184, 184, 348, 348, 472, 472, 497, 497, 591, 591, 652, 652, 772, 891, 891, 1101, 1101, 1163, 1198, 1198, 1226, 1236, 1236, 1248]",Warrior
"[171, 171, 180, 180, 183, 183, 242, 242, 383, 645, 645, 664, 664, 684, 684, 911, 938, 39, 39, 42, 42, 107, 107, 189, 189, 449, 449, 441, 441, 782]",Shaman
"[74, 74, 192, 286, 293, 293, 360, 360, 365, 365, 390, 461, 461, 524, 524, 614, 618, 618, 676, 676, 816, 1054, 1105, 1105, 1181, 1181, 160, 1019, 1046, 1046]",Hunter
"[7, 44, 102, 129, 150, 156, 205, 303, 351, 377, 404, 490, 593, 636, 717, 870, 1037, 1182, 31, 155, 189, 213, 234, 332, 358, 453, 550, 1137, 1213, 1232]",Paladin
"[7, 7, 29, 29, 44, 44, 224, 224, 303, 303, 328, 328, 593, 636, 636, 869, 869, 942, 942, 1023, 1023, 1127, 1216, 1216, 31, 31, 132, 132, 940, 1137]",Paladin
"[68, 110, 110, 146, 218, 218, 262, 296, 296, 316, 316, 465, 465, 543, 543, 567, 613, 633, 743, 743, 1013, 1013, 1114, 1114, 1190, 1190, 1246, 1246, 1251, 1254]",Mage
"[16, 19, 41, 72, 133, 138, 140, 177, 204, 267, 281, 292, 394, 397, 427, 430, 527, 521, 642, 939, 1031, 1039, 1115, 453, 722, 782, 972, 1048, 1137, 1249]",Rogue
"[153, 153, 164, 164, 178, 226, 226, 230, 230, 250, 348, 348, 472, 472, 477, 487, 522, 522, 591, 593, 652, 652, 772, 891, 891, 1163, 1226, 1137, 1232, 1254]",Warrior
"[149, 149, 205, 205, 318, 318, 364, 364, 395, 483, 483, 616, 616, 765, 765, 900, 1118, 1139, 1160, 1168, 1177, 1177, 1209, 1209, 1219, 1219, 1225, 696, 1046, 1046]",Priest
"[57, 57, 60, 70, 70, 81, 81, 82, 82, 311, 311, 403, 403, 413, 413, 415, 415, 436, 436, 530, 530, 657, 657, 768, 810, 1070, 1070, 350, 350, 782]",Demon Hunter
"[85, 85, 110, 110, 115, 115, 146, 218, 262, 296, 296, 316, 316, 465, 465, 543, 548, 548, 567, 633, 633, 815, 815, 873, 873, 1013, 1013, 1246, 1251, 1232]",Mage
"[34, 34, 52, 52, 64, 192, 286, 286, 293, 349, 360, 509, 509, 512, 512, 614, 614, 675, 675, 816, 1051, 1105, 1105, 1181, 1181, 175, 1046, 1046, 1248, 1248]",Hunter
"[93, 199, 199, 250, 250, 378, 378, 418, 418, 591, 591, 655, 655, 841, 841, 963, 174, 174, 235, 235, 287, 287, 361, 361, 373, 737, 737, 764, 764, 829]",Warrior
"[95, 95, 192, 192, 194, 194, 208, 208, 268, 268, 390, 390, 513, 513, 628, 628, 649, 689, 822, 822, 991, 991, 992, 992, 179, 179, 211, 211, 251, 251]",Hunter
"[121, 121, 197, 197, 356, 356, 368, 368, 413, 413, 505, 505, 641, 641, 1003, 1003, 1022, 1149, 1165, 1165, 1166, 1204, 1217, 712, 712, 1228, 1234, 1234, 1243, 1248]",Warlock
"[12, 12, 151, 151, 171, 171, 183, 183, 242, 242, 480, 535, 535, 619, 619, 664, 664, 888, 888, 1220, 1220, 189, 511, 511, 731, 731, 764, 764, 908, 908]",Shaman
"[170, 170, 250, 378, 378, 418, 418, 460, 655, 655, 841, 841, 963, 987, 987, 46, 46, 97, 97, 174, 174, 361, 361, 372, 372, 506, 506, 658, 712, 712]",Warrior
"[76, 76, 109, 109, 115, 115, 139, 139, 146, 146, 201, 201, 228, 248, 248, 252, 252, 282, 338, 338, 412, 412, 493, 716, 960, 1184, 1184, 442, 442, 1232]",Mage
"[106, 178, 178, 250, 250, 378, 378, 460, 522, 522, 821, 821, 841, 841, 891, 891, 969, 969, 1008, 1117, 712, 712, 722, 722, 868, 972, 972, 1048, 1211, 1243]",Warrior
"[17, 71, 149, 205, 318, 364, 393, 395, 462, 483, 594, 604, 605, 611, 616, 709, 765, 1118, 1139, 1168, 1185, 1225, 31, 442, 445, 453, 898, 1048, 1135, 1213]",Priest
"[171, 171, 180, 180, 437, 437, 597, 597, 684, 684, 820, 887, 887, 123, 123, 124, 124, 190, 190, 352, 352, 498, 498, 610, 610, 441, 441, 740, 740, 744]",Shaman
"[2, 2, 16, 16, 19, 19, 41, 41, 133, 159, 159, 204, 204, 267, 267, 281, 281, 292, 292, 367, 397, 427, 427, 527, 521, 521, 939, 453, 624, 624]",Rogue
"[7, 7, 50, 50, 214, 214, 303, 303, 351, 490, 490, 508, 508, 636, 636, 701, 701, 885, 885, 943, 39, 189, 189, 449, 449, 507, 441, 441, 1249, 1249]",Paladin
"[57, 176, 176, 195, 195, 243, 243, 413, 413, 459, 459, 232, 232, 631, 631, 768, 773, 786, 786, 650, 650, 975, 975, 1011, 1011, 1070, 1070, 1140, 342, 342]",Demon Hunter
"[135, 356, 356, 435, 435, 505, 505, 514, 514, 547, 547, 599, 599, 710, 710, 742, 742, 901, 901, 1005, 1005, 1079, 1119, 1201, 712, 712, 1048, 1135, 1205, 1253]",Warlock
"[2, 2, 16, 19, 19, 133, 133, 204, 204, 245, 281, 281, 292, 292, 389, 427, 427, 430, 438, 438, 497, 527, 521, 521, 670, 670, 944, 1035, 1232, 1254]",Rogue
"[10, 10, 12, 12, 126, 126, 302, 302, 659, 685, 685, 801, 801, 872, 872, 1053, 1053, 1131, 1131, 1147, 1147, 1161, 1161, 1250, 1250, 1143, 1143, 1211, 1211, 1254]",Druid
"[17, 17, 84, 84, 173, 173, 176, 176, 202, 202, 207, 207, 260, 260, 284, 321, 632, 632, 795, 795, 1038, 1038, 1167, 1167, 31, 31, 189, 189, 449, 449]",Warlock
"[2, 2, 16, 16, 19, 19, 41, 41, 133, 159, 159, 204, 204, 267, 267, 281, 281, 292, 292, 367, 397, 427, 427, 527, 521, 521, 939, 453, 624, 624]",Rogue
"[12, 12, 21, 21, 22, 22, 180, 180, 183, 183, 278, 278, 434, 434, 557, 600, 600, 645, 645, 672, 672, 684, 684, 833, 833, 887, 990, 990, 1063, 1063]",Shaman
